0
0
0
0
0
517
564
0
0
0
490
469
0
0
467
0
0
0
513
0
0
0
0
540
0
549
0
0
0
0
0
0
0
0
0
0
0
0
0
0
0
0
539
0
578
0
0
0
0
577
469
0
0
567
516
524
0
568
0
0
512
0
0
0
492
542
0
0
0
508
0
0
0
0
0
565
0
534
0
531
0
0
0
280
0
0
0
595
599
0
0
523
499
532
538
0
0
0
0
0
0
0
0
0
0
618
472
508
0
552
0
567
0
0
0
525
529
0
534
0
0
520
0
510
0
0
0
0
0
521
520
0
0
483
551
0
555
0
558
0
0
567
0
0
560
542
0
0
530
0
0
537
0
535
544
602
510
0
566
467
0
0
534
0
0
0
0
0
532
544
0
0
0
0
569
0
568
517
562
517
0
0
0
0
0
596
0
0
0
0
0
0
0
0
0
515
0
0
0
0
0
0
573
0
0
556
506
488
0
0
556
530
0
0
527
0
0
555
521
0
0
545
0
0
506
541
519
0
0
0
495
0
0
512
0
0
0
0
0
530
0
513
494
0
0
0
493
0
0
497
0
0
585
562
565
0
594
551
0
0
578
0
587
539
0
526
0
482
0
549
0
509
0
504
478
481
0
0
0
0
0
483
0
0
582
0
0
518
562
534
0
0
516
0
0
539
583
0
0
578
0
587
549
0
0
0
0
0
0
0
544
0
476
0
510
0
0
555
0
0
0
585
505
0
571
541
590
0
0
541
524
72
0
0
525
546
549
0
501
553
0
569
0
0
0
0
0
0
0
0
0
518
533
0
518
0
0
0
536
0
0
0
0
0
0
0
0
0
225
0
579
0
0
517
562
0
0
0
0
0
0
0
569
0
104
0
0
586
499
0
0
0
0
0
0
0
0
0
0
534
0
0
0
0
0
0
586
546
0
0
513
0
0
510
0
0
0
0
0
565
470
0
543
0
0
0
0
0
599
0
529
0
493
0
555
0
0
565
0
516
576
571
554
0
0
0
0
0
0
0
0
0
0
520
547
0
0
0
0
505
0
503
516
509
0
0
564
500
534
0
504
0
557
0
0
593
0
0
0
518
479
0
0
0
0
0
0
0
586
570
518
0
0
0
0
0
0
0
575
574
0
0
0
0
0
495
0
0
0
0
0
0
0
0
0
0
402
495
523
0
508
0
0
0
0
0
0
0
0
492
548
518
577
580
0
531
0
225
501
0
0
566
544
536
551
0
0
570
0
613
550
0
0
557
602
0
563
0
552
0
0
565
549
0
505
584
0
0
0
0
0
533
0
528
0
0
0
0
0
0
0
0
0
0
0
0
0
0
0
82
0
0
0
0
579
546
0
0
0
0
550
575
533
522
0
583
0
0
0
0
564
0
0
0
0
0
568
0
0
471
0
523
507
621
503
545
0
0
535
0
0
0
0
91
0
0
0
0
0
514
0
542
0
0
537
0
598
0
522
0
0
0
569
0
0
586
0
556
516
510
0
587
0
0
0
0
567
0
0
0
0
0
537
0
148
0
0
0
0
0
0
0
560
526
0
479
0
0
549
0
530
573
0
0
0
509
0
0
542
0
0
557
570
16
0
499
0
0
0
0
534
528
0
512
0
0
0
0
0
0
0
0
0
0
0
0
0
0
523
0
528
476
0
0
563
0
507
515
539
0
0
0
0
575
505
0
0
522
475
557
0
0
0
0
0
517
0
0
0
0
0
0
495
537
0
0
0
0
478
0
552
531
0
0
0
0
0
0
555
563
0
0
0
0
526
513
0
0
0
0
507
0
0
571
555
0
0
533
0
0
0
0
0
0
530
0
0
0
0
0
0
0
561
553
0
0
551
584
0
497
0
0
0
0
0
0
0
521
472
594
556
512
517
0
536
0
0
0
515
0
572
0
0
0
0
0
540
0
0
0
0
0
0
0
510
496
0
0
0
0
593
0
0
0
532
472
0
337
0
538
0
0
446
0
0
0
0
512
572
526
0
0
0
542
0
538
518
557
510
540
0
571
0
0
0
538
583
0
0
0
0
0
0
0
0
575
513
0
0
0
0
0
0
0
0
483
0
0
0
612
0
0
0
0
0
0
0
0
0
0
453
0
0
0
0
0
0
0
537
0
0
499
0
0
537
0
0
0
583
0
571
0
0
0
496
0
0
591
489
0
0
0
0
0
0
502
0
46
592
509
0
0
0
526
0
0
603
0
0
0
0
0
0
510
0
0
0
0
484
0
0
0
0
0
564
0
536
599
573
0
592
519
490
0
0
0
0
581
574
0
0
0
0
518
0
576
0
0
0
0
496
546
0
549
0
0
496
0
0
493
491
0
0
0
0
0
0
0
0
0
520
0
0
0
479
545
0
0
526
0
0
519
504
485
0
507
0
0
0
0
0
0
545
0
565
0
0
531
0
0
0
0
524
0
0
0
0
0
571
0
582
0
0
532
0
487
0
0
529
564
0
0
527
549
0
0
505
0
0
0
0
0
0
0
489
564
0
0
539
0
554
0
0
521
0
540
0
518
0
0
0
0
544
515
0
0
522
0
571
0
499
547
0
0
0
0
546
0
0
0
0
0
0
0
559
0
568
501
0
0
552
527
0
534
561
497
541
512
0
500
0
0
524
516
0
504
0
0
0
0
0
574
513
482
0
0
0
0
0
489
524
541
0
472
0
0
0
0
0
515
543
528
570
0
520
0
0
0
0
527
0
0
577
0
0
557
587
0
91
0
492
594
0
540
512
0
0
0
546
0
0
0
553
597
0
0
0
0
490
566
511
0
545
515
0
0
0
555
0
0
0
0
0
538
534
0
0
0
0
593
0
0
534
0
0
590
0
0
0
0
0
0
535
0
0
565
567
0
0
0
0
0
0
0
0
0
0
559
526
0
0
0
0
0
484
0
573
0
539
616
0
0
579
0
0
0
0
0
492
0
0
0
556
0
0
535
0
0
0
613
475
508
560
0
0
0
0
0
0
533
0
0
0
0
0
0
0
0
0
0
0
0
0
580
0
0
571
0
550
553
0
0
534
0
0
0
0
0
0
519
539
0
0
0
0
531
589
0
472
532
0
0
0
575
0
478
567
595
521
0
0
494
509
527
0
567
522
0
567
0
0
0
0
473
0
0
0
0
0
591
0
0
0
0
515
541
0
0
0
566
515
0
0
515
0
0
0
538
0
0
104
0
449
565
0
516
508
568
0
545
0
0
546
526
560
450
0
0
484
0
0
0
549
509
0
551
579
487
0
556
530
588
0
0
0
564
0
0
0
0
0
0
0
0
0
0
0
519
0
0
0
495
0
536
0
491
526
0
0
476
0
496
514
505
0
0
0
0
0
0
0
578
0
0
588
639
470
0
0
0
0
0
0
155
527
583
580
548
0
0
0
496
455
549
0
0
0
554
0
0
0
0
0
0
581
516
517
500
0
516
0
0
0
0
0
569
581
468
0
0
0
519
555
0
0
609
0
0
0
489
505
0
0
0
550
586
0
0
0
0
0
580
526
0
0
0
506
531
0
0
609
555
554
581
0
0
0
0
0
0
515
479
0
0
0
515
0
0
0
0
503
0
0
0
0
0
0
0
0
0
0
523
0
0
503
601
531
515
0
0
0
0
0
0
0
0
577
522
0
0
575
0
0
0
603
503
0
0
0
561
0
0
0
0
0
0
0
0
0
0
0
0
0
0
569
0
0
447
0
0
0
0
0
0
591
0
533
594
559
0
0
0
434
0
530
0
616
0
498
0
490
0
492
466
429
0
557
525
0
0
0
0
0
0
0
0
0
570
0
553
0
0
0
0
0
0
550
534
0
0
0
565
0
0
0
506
0
0
498
0
477
0
0
0
0
539
0
0
484
0
513
486
0
0
0
0
0
592
0
514
0
156
584
0
465
543
518
0
0
0
0
0
0
525
0
531
0
0
0
0
532
573
567
566
0
520
519
0
570
0
0
550
0
542
503
541
0
551
519
523
0
0
0
0
451
0
0
0
549
0
0
0
0
0
0
0
0
415
0
493
0
0
0
532
556
0
0
0
0
462
528
0
0
532
538
0
0
0
526
516
580
0
556
535
493
482
606
0
527
0
0
520
522
0
0
615
0
539
522
0
0
0
0
0
0
0
548
465
0
0
0
0
536
0
522
0
0
526
0
546
0
0
0
0
0
0
0
527
0
0
0
0
0
574
0
0
533
561
0
0
508
571
0
0
0
0
0
0
0
515
587
0
0
0
0
509
586
0
0
0
0
0
0
0
0
520
0
0
0
0
0
0
0
0
0
0
0
498
544
553
529
0
0
530
0
532
0
0
527
