0
0
1822
1810
1944
1884
0
0
0
0
0
0
0
1872
0
0
1956
0
1909
0
1896
0
0
0
0
0
1985
1870
0
0
0
1943
1898
1930
0
1871
0
1846
243
1837
0
0
1867
1855
1857
0
0
0
0
0
0
1898
0
0
0
0
0
1947
0
0
0
0
1909
0
0
1868
0
1868
1951
1885
0
1900
0
0
1912
0
1943
0
0
1860
1997
0
0
0
0
1936
0
0
1920
1929
0
0
0
1914
0
0
0
0
1928
1874
0
0
0
0
0
0
0
0
1831
1919
1860
0
1884
0
0
0
0
0
0
1831
0
0
0
2017
0
1933
1904
0
0
0
1881
0
0
0
0
0
0
1861
0
191
1901
1927
0
0
2021
1838
0
0
1951
0
0
0
0
1907
0
0
0
0
0
1898
1854
0
0
1991
0
0
0
0
0
1887
0
0
1868
0
0
1937
1904
0
0
1958
0
0
1990
1978
256
0
0
1959
0
0
0
1893
1870
0
0
0
0
1884
1814
0
0
0
0
0
0
1899
1875
1950
1949
0
1964
1964
0
1978
1903
1826
1930
0
2021
0
0
0
0
1895
0
0
1914
0
0
0
0
0
0
1904
0
0
0
0
0
1910
0
0
0
0
0
0
0
1937
0
0
1917
0
0
1911
0
1840
1916
1908
0
0
0
0
1914
0
1871
1889
0
0
0
1991
0
0
1908
0
0
0
0
0
0
1882
1935
1876
0
0
0
0
1883
0
0
1897
0
0
1901
1837
1963
0
1920
1961
0
0
0
0
0
1904
0
1788
0
0
0
1872
0
0
0
0
1929
0
1905
0
0
0
0
1954
0
0
0
1976
0
1969
0
0
0
1844
