0.397914
0.409392
0.401235
0.43896
0.429487
0.425869
0.438973
0.429325
0.429723
0.429947
0.433865
0.426238
0.431606
0.429182
0.46208
0.390947
0.43386
0.425281
0.429111
0.445342
0.434668
0.441192
0.382399
0.446467
0.423448
0.405946
0.46313
0.44
0.465481
0.433865
0.435484
0.407111
0.41219
0.457813
0.437532
0.443051
0.431535
0.445037
0.441835
0.43877
0.418817
0.403928
0.441835
0.422905
0.461459
0.43645
0.469963
0.428802
0.455497
0.413467
0.376751
0.439386
0.431991
0.423373
0.418458
0.446259
0.413161
0.428428
0.391627
0.422377
0.411977
0.438025
0.438713
0.434171
0.446916
0.445313
0.433384
0.454305
0.427807
0.403397
0.413451
0.442865
0.416
0.447179
0.430477
0.446029
0.435336
0.461577
0.445612
0.44414
0.397927
0.41712
0.424802
0.433124
0.443803
0.450262
0.43366
0.410016
0.408163
0.409783
0.429019
0.42086
0.411703
0.383752
0.439386
0.438473
0.462264
0.425611
0.393798
0.437633
0.454063
0.440696
0.4303
0.456179
0.415181
0.432292
0.441101
0.421744
0.432886
0.450321
0.438569
0.449869
0.461105
0.418016
0.465719
0.441432
