3.315085375		0
3.306245147		0
3.297451942		0.01259
3.288705385		0.01005
3.280005106		0.01628
3.271350739		0.02263
3.262741921		0.02039
3.254178294		0.03535
3.245659503		0.05035
3.237185196		0.07937
3.228755026		0.09052
3.22036865		0.1253
3.212025726		0.15975
3.203725918		0.19157
3.195468892		0.23444
3.187254319		0.27049
3.179081872		0.31391
3.170951228		0.35596
3.162862067		0.41401
3.154814071		0.45631
3.146806929		0.50113
3.138840329		0.53457
3.130913965		0.57965
3.123027532		0.62797
3.115180729		0.65078
3.107373258		0.68443
3.099604825		0.71432
3.091875137		0.72786
3.084183906		0.74747
3.076530844		0.76597
3.068915669		0.78201
3.061338099		0.79858
3.053797857		0.81555
3.046294669		0.83005
3.03882826		0.83709
3.031398362		0.85194
3.024004708		0.86391
3.016647032		0.87194
3.009325073		0.88438
3.002038572		0.89244
2.994787271		0.90226
2.987570916		0.91171
2.980389255		0.91986
2.973242039		0.92603
2.966129019		0.94127
2.959049952		0.9441
2.952004595		0.95183
2.944992708		0.96742
2.938014052		0.97558
2.931068393		0.97235
2.924155496		0.98073
2.91727513		0.98804
2.910427066		0.99385
2.903611077		0.99035
2.896826939		0.99631
2.890074429		0.99229
2.883353326		1
2.876663411		0.99531
2.870004468		0.98793
2.863376282		0.98984
2.856778641		0.98021
2.850211334		0.97106
2.843674152		0.97035
2.837166888		0.97246
2.830689338		0.95125
2.824241299		0.93772
2.817822568		0.93671
2.811432948		0.91972
2.80507224		0.91321
2.798740249		0.89488
2.792436779		0.88549
2.786161641		0.8716
2.779914641		0.86076
2.773695593		0.84865
2.767504308		0.83341
2.761340602		0.82337
2.755204289		0.80772
2.749095189		0.79143
2.74301312		0.78881
2.736957903		0.771
2.730929361		0.7574
2.724927319		0.74488
2.718951601		0.7243
2.713002035		0.7166
2.70707845		0.70513
2.701180676		0.69616
2.695308544		0.674
2.689461887		0.6581
2.683640541		0.64352
2.677844341		0.62962
2.672073125		0.61886
2.666326731		0.60002
2.660605		0.59477
2.654907773		0.57256
2.649234893		0.56566
2.643586205		0.55634
2.637961553		0.54502
2.632360786		0.53131
2.62678375		0.51685
2.621230296		0.50676
2.615700274		0.49933
2.610193537		0.4888
2.604709937		0.47863
2.599249329		0.47196
2.593811569		0.4617
2.588396514		0.46065
2.583004021		0.45107
2.57763395		0.44526
2.572286162		0.43336
2.566960518		0.42696
2.56165688		0.41362
2.556375114		0.40495
2.551115082		0.40245
2.545876653		0.40043
2.540659693		0.39326
2.53546407		0.3886
2.530289653		0.37376
2.525136314		0.36775
2.520003923		0.36291
2.514892353		0.36587
2.509801478		0.35876
2.504731172		0.34382
2.499681311		0.34194
2.494651771		0.3357
2.48964243		0.32878
2.484653167		0.32521
2.47968386		0.31402
2.474734391		0.31906
2.469804642		0.30652
2.464894493		0.30387
2.46000383		0.30217
2.455132535		0.29541
2.450280494		0.28616
2.445447594		0.28462
2.440633721		0.27412
2.435838762		0.27289
2.431062608		0.26899
2.426305147		0.26119
2.42156627		0.26168
2.416845868		0.25162
2.412143833		0.24027
2.407460058		0.24459
2.402794438		0.23743
2.398146867		0.23222
2.39351724		0.2279
2.388905453		0.22627
2.384311404		0.21854
2.379734991		0.2158
2.375176111		0.21237
2.370634666		0.20669
2.366110554		0.20346
2.361603676		0.20091
2.357113936		0.19598
2.352641234		0.18725
2.348185474		0.18205
2.34374656		0.17652
2.339324396		0.17733
2.334918889		0.16963
2.330529944		0.17427
2.326157467		0.16286
2.321801367		0.16005
2.317461552		0.16718
2.313137929		0.15578
2.30883041		0.15407
2.304538904		0.15062
2.300263321		0.14543
2.296003574		0.14221
2.291759575		0.13726
2.287531236		0.13356
2.283318472		0.13817
2.279121195		0.12609
2.274939321		0.12311
2.270772766		0.12023
2.266621444		0.12336
2.262485274		0.11554
2.258364171		0.11196
2.254258055		0.10872
2.250166842		0.10175
2.246090453		0.10296
2.242028807		0.10609
2.237981823		0.10106
2.233949424		0.09948
2.229931529		0.09251
2.225928061		0.09597
2.221938943		0.09072
2.217964097		0.09345
2.214003447		0.08643
2.210056916		0.08399
2.206124431		0.07757
2.202205915		0.07958
2.198301294		0.08111
2.194410496		0.08082
2.190533445		0.07496
2.186670071		0.07295
2.182820299		0.07278
2.17898406		0.06566
2.175161281		0.06208
2.171351892		0.06535
2.167555822		0.05897
2.163773002		0.06272
2.160003363		0.06
2.156246835		0.05359
2.152503351		0.05608
2.148772842		0.05361
2.145055242		0.05282
2.141350484		0.04924
2.1376585		0.04887
2.133979226		0.04207
2.130312595		0.04535
2.126658542		0.04822
2.123017004		0.04568
2.119387915		0.04662
2.115771212		0.0412
2.112166832		0.04281
2.108574711		0.04267
2.104994788		0.03896
2.101427		0.03534
2.097871286		0.0339
2.094327585		0.03599
2.090795835		0.02678
2.087275977		0.03307
2.08376795		0.0302
2.080271695		0.02888
2.076787153		0.03014
2.073314264		0.02652
2.069852972		0.02736
2.066403217		0.01787
2.062964942		0.02111
2.05953809		0.02084
2.056122604		0.02628
2.052718427		0.01767
2.049325504		0.01865
2.045943779		0.02944
2.042573196		0.02202
2.039213701		0.01838
2.035865238		0.0193
2.032527754		0.0217
2.029201195		0.01721
2.025885507		0.01415
2.022580636		0.01744
2.019286531		0.01505
2.016003138		0.01358
2.012730406		0.01196
2.009468282		0.00928
2.006216715		0.01405
2.002975654		0.01247
1.999745049		0.0163
1.996524847		0.0175
1.993315		0.01402
1.990115458		0.01107
1.98692617		0.01638
1.983747088		0.01017
1.980578163		0.0129
1.977419346		0.01218
1.974270589		0.0081
1.971131844		0.00558
1.968003064		0.00614
1.9648842		0.00582
1.961775206		0.01303
1.958676035		0.00171
1.955586641		0.00485
1.952506977		0.00447
1.949436997		0.01231
1.946376656		0.00522
1.943325909		0.00159
1.940284711		0.00299
1.937253016		0.00496
1.93423078		3.64E-04
1.93121796		0.00225
1.92821451		0.0099
1.925220388		0.00337
1.922235551		0.00149
1.919259954		5.79E-04
1.916293555		0.00136
1.913336312		0.00255
1.910388182		0.00331
1.907449123		0.00248
1.904519094		0.00708
1.901598052		0.00172
1.898685957		0.00795
1.895782768		0
1.892888443		0
