600 2.06633 1.41 0.9053 10.0514
599 2.06978 1.41 0.9051 10.0291
598 2.07324 1.41 0.9054 10.0625
597 2.07672 1.41 0.9057 10.0962
596 2.08020 1.41 0.9055 10.0737
595 2.08370 1.41 0.9057 10.0962
594 2.08721 1.41 0.9061 10.1414
593 2.09073 1.41 0.9061 10.1414
592 2.09426 1.41 0.9062 10.1528
591 2.09780 1.41 0.9059 10.1188
590 2.10136 1.41 0.9062 10.1528
589 2.10492 1.41 0.9062 10.1528
588 2.10850 1.41 0.9063 10.1642
587 2.11210 1.41 0.9062 10.1528
586 2.11570 1.41 0.9065 10.187
585 2.11932 1.41 0.9064 10.1756
584 2.12295 1.41 0.9066 10.1985
583 2.12659 1.41 0.9067 10.21
582 2.13024 1.41 0.9069 10.233
581 2.13391 1.41 0.9069 10.233
580 2.13759 1.41 0.9073 10.2794
579 2.14128 1.41 0.9072 10.2677
578 2.14498 1.41 0.9073 10.2794
577 2.14870 1.41 0.9072 10.2677
576 2.15243 1.41 0.9074 10.291
575 2.15617 1.41 0.9075 10.3027
574 2.15993 1.41 0.9076 10.3144
573 2.16370 1.41 0.9077 10.3262
572 2.16748 1.41 0.9077 10.3262
571 2.17128 1.41 0.9078 10.3379
570 2.17509 1.41 0.9081 10.3734
569 2.17891 1.41 0.9081 10.3734
568 2.18275 1.41 0.9085 10.421
567 2.18660 1.41 0.9084 10.409
566 2.19046 1.41 0.9083 10.3971
565 2.19434 1.41 0.9083 10.3971
564 2.19823 1.41 0.9084 10.409
563 2.20213 1.41 0.9083 10.3971
562 2.20605 1.41 0.9083 10.3971
561 2.20998 1.41 0.9086 10.4329
560 2.21393 1.41 0.9086 10.4329
559 2.21789 1.41 0.9087 10.4449
558 2.22186 1.41 0.9087 10.4449
557 2.22585 1.41 0.9086 10.4329
556 2.22986 1.41 0.9086 10.4329
555 2.23387 1.41 0.9085 10.421
554 2.23791 1.41 0.9084 10.409
553 2.24195 1.41 0.9086 10.4329
552 2.24601 1.41 0.9085 10.421
551 2.25009 1.41 0.9085 10.421
550 2.25418 1.41 0.9085 10.421
549 2.25829 1.41 0.9086 10.4329
548 2.26241 1.41 0.9085 10.421
547 2.26654 1.41 0.9085 10.421
546 2.27070 1.41 0.9086 10.4329
545 2.27486 1.41 0.9085 10.421
544 2.27904 1.41 0.9085 10.421
543 2.28324 1.41 0.9083 10.3971
542 2.28745 1.41 0.9081 10.3734
541 2.29168 1.41 0.9080 10.3615
540 2.29593 1.41 0.9084 10.409
539 2.30019 1.41 0.9084 10.409
538 2.30446 1.41 0.9083 10.3971
537 2.30875 1.41 0.9082 10.3852
536 2.31306 1.41 0.9080 10.3615
535 2.31738 1.41 0.9079 10.3497
534 2.32172 1.41 0.9078 10.3379
533 2.32608 1.41 0.9075 10.3027
532 2.33045 1.41 0.9076 10.3144
531 2.33484 1.41 0.9076 10.3144
530 2.33925 1.41 0.9075 10.3027
529 2.34367 1.41 0.9073 10.2794
528 2.34811 1.41 0.9071 10.2561
527 2.35256 1.41 0.9070 10.2446
526 2.35703 1.41 0.9069 10.233
525 2.36152 1.41 0.9067 10.21
524 2.36603 1.41 0.9066 10.1985
523 2.37055 1.41 0.9065 10.187
522 2.37510 1.41 0.9063 10.1642
521 2.37965 1.41 0.9062 10.1528
520 2.38423 1.41 0.9060 10.1301
519 2.38882 1.41 0.9059 10.1188
518 2.39344 1.41 0.9057 10.0962
517 2.39807 1.41 0.9056 10.085
516 2.40271 1.41 0.9057 10.0962
515 2.40738 1.41 0.9055 10.0737
514 2.41206 1.41 0.9053 10.0514
513 2.41676 1.41 0.9051 10.0291
512 2.42148 1.41 0.9047 9.98483
511 2.42622 1.41 0.9046 9.97383
510 2.43098 1.41 0.9043 9.94094
509 2.43576 1.41 0.9040 9.90826
508 2.44055 1.41 0.9040 9.90826
507 2.44536 1.41 0.9038 9.88658
506 2.45020 1.41 0.9035 9.85424
505 2.45505 1.41 0.9032 9.8221
504 2.45992 1.41 0.9030 9.80078
503 2.46481 1.41 0.9027 9.76896
502 2.46972 1.41 0.9024 9.73735
501 2.47465 1.41 0.9021 9.70592
500 2.47960 1.41 0.9019 9.68508
499 2.48457 1.41 0.9014 9.63334
498 2.48956 1.41 0.9012 9.61279
497 2.49457 1.41 0.9012 9.61279
496 2.49960 1.41 0.9009 9.58212
495 2.50465 1.41 0.9005 9.54152
494 2.50972 1.41 0.9000 9.49122
493 2.51481 1.41 0.8999 9.48122
492 2.51992 1.41 0.8996 9.45134
491 2.52505 1.41 0.8994 9.43152
490 2.53020 1.41 0.8991 9.40194
489 2.53538 1.41 0.8984 9.33359
488 2.54057 1.41 0.8983 9.32391
487 2.54579 1.41 0.8983 9.32391
486 2.55103 1.41 0.8981 9.30459
485 2.55629 1.41 0.8976 9.25662
484 2.56157 1.41 0.8971 9.20913
483 2.56687 1.41 0.8969 9.19026
482 2.57220 1.41 0.8965 9.15273
481 2.57755 1.41 0.8965 9.15273
480 2.58292 1.41 0.8963 9.13408
479 2.58831 1.41 0.8959 9.09699
478 2.59372 1.41 0.8956 9.06936
477 2.59916 1.41 0.8954 9.05102
476 2.60462 1.41 0.8951 9.02366
475 2.61011 1.41 0.8947 8.98741
474 2.61561 1.41 0.8944 8.9604
473 2.62114 1.41 0.8942 8.94248
472 2.62669 1.41 0.8938 8.90684
471 2.63227 1.41 0.8938 8.90684
470 2.63787 1.41 0.8934 8.87147
469 2.64350 1.41 0.8929 8.82763
468 2.64915 1.41 0.8927 8.81021
467 2.65482 1.41 0.8924 8.7842
466 2.66052 1.41 0.8920 8.74974
465 2.66624 1.41 0.8919 8.74116
464 2.67198 1.41 0.8917 8.72406
463 2.67775 1.41 0.8913 8.69004
462 2.68355 1.41 0.8910 8.6647
461 2.68937 1.41 0.8904 8.61442
460 2.69522 1.41 0.8902 8.59778
459 2.70109 1.41 0.8896 8.54822
458 2.70699 1.41 0.8893 8.52365
457 2.71291 1.41 0.8887 8.4749
456 2.71886 1.41 0.8884 8.45071
455 2.72484 1.41 0.8878 8.40274
454 2.73084 1.41 0.8873 8.36315
453 2.73687 1.41 0.8869 8.33173
452 2.74292 1.41 0.8865 8.30054
451 2.74900 1.41 0.8857 8.23879
450 2.75511 1.41 0.8851 8.19305
449 2.76125 1.41 0.8844 8.14028
448 2.76741 1.41 0.8840 8.11042
447 2.77360 1.41 0.8837 8.08815
446 2.77982 1.41 0.8833 8.05864
445 2.78607 1.41 0.8830 8.03664
444 2.79234 1.41 0.8823 7.98574
443 2.79865 1.41 0.8820 7.96412
442 2.80498 1.41 0.8816 7.93545
441 2.81134 1.41 0.8815 7.92831
440 2.81773 1.41 0.8814 7.92119
439 2.82415 1.41 0.8818 7.94976
438 2.83059 1.41 0.8815 7.92831
437 2.83707 1.41 0.8815 7.92831
436 2.84358 1.41 0.8819 7.95693
435 2.85011 1.41 0.8820 7.96412
434 2.85668 1.41 0.8820 7.96412
433 2.86328 1.41 0.8823 7.98574
432 2.86991 1.41 0.8822 7.97852
431 2.87657 1.41 0.8823 7.98574
430 2.88326 1.41 0.8827 8.01475
429 2.88998 1.41 0.8825 8.00022
428 2.89673 1.41 0.8824 7.99298
427 2.90351 1.41 0.8826 8.00748
426 2.91033 1.41 0.8828 8.02204
425 2.91718 1.41 0.8825 8.00022
424 2.92406 1.41 0.8828 8.02204
423 2.93097 1.41 0.8826 8.00748
422 2.93791 1.41 0.8825 8.00022
421 2.94489 1.41 0.8825 8.00022
420 2.95190 1.41 0.8824 7.99298
419 2.95895 1.41 0.8824 7.99298
418 2.96603 1.41 0.8825 8.00022
417 2.97314 1.41 0.8827 8.01475
416 2.98029 1.41 0.8835 8.07337
415 2.98747 1.41 0.8830 8.03664
414 2.99469 1.41 0.8833 8.05864
413 3.00194 1.41 0.8838 8.09556
412 3.00922 1.41 0.8839 8.10298
411 3.01655 1.41 0.8843 8.1328
410 3.02390 1.41 0.8846 8.1553
409 3.03130 1.41 0.8851 8.19305
408 3.03873 1.41 0.8855 8.22349
407 3.04619 1.41 0.8862 8.27728
406 3.05369 1.41 0.8869 8.33173
405 3.06123 1.41 0.8872 8.35528
404 3.06881 1.41 0.8876 8.38686
403 3.07643 1.41 0.8882 8.43467
402 3.08408 1.41 0.8886 8.46682
401 3.09177 1.41 0.8886 8.46682
400 3.09950 1.41 0.8891 8.50734
399 3.10727 1.41 0.8889 8.49109
398 3.11508 1.41 0.8893 8.52365
397 3.12292 1.41 0.8888 8.48298
396 3.13081 1.41 0.8880 8.41868
395 3.13873 1.41 0.8876 8.38686
394 3.14670 1.41 0.8874 8.37104
393 3.15471 1.41 0.8866 8.30831
392 3.16276 1.41 0.8853 8.20825
391 3.17084 1.41 0.8840 8.11042
390 3.17897 1.41 0.8820 7.96412
389 3.18715 1.41 0.8807 7.87165
388 3.19536 1.41 0.8784 7.71288
387 3.20362 1.41 0.8754 7.5146
386 3.21192 1.41 0.8726 7.33794
385 3.22026 1.41 0.8701 7.18664
384 3.22865 1.41 0.8667 6.98996
383 3.23708 1.41 0.8633 6.80304
382 3.24555 1.41 0.8601 6.63541
381 3.25407 1.41 0.8571 6.48506
380 3.26263 1.41 0.8545 6.35975
379 3.27124 1.41 0.8523 6.25717
378 3.27989 1.41 0.8503 6.16652
377 3.28859 1.41 0.8502 6.16205
376 3.29734 1.41 0.8510 6.19797
375 3.30613 1.41 0.8535 6.31274
374 3.31497 1.41 0.8554 6.40262
373 3.32386 1.41 0.8574 6.49981
372 3.33280 1.41 0.8592 6.58963
371 3.34178 1.41 0.8602 6.64053
370 3.35081 1.41 0.8612 6.69216
369 3.35989 1.41 0.8614 6.70258
368 3.36902 1.41 0.8608 6.67142
367 3.37820 1.41 0.8600 6.63029
366 3.38743 1.41 0.8582 6.53945
365 3.39671 1.41 0.8560 6.43149
364 3.40604 1.41 0.8535 6.31274
363 3.41543 1.41 0.8507 6.18445
362 3.42486 1.41 0.8477 6.05223
361 3.43435 1.41 0.8438 5.8879
360 3.44389 1.41 0.8409 5.77092
359 3.45348 1.41 0.8359 5.57892
358 3.46313 1.41 0.8313 5.41229
357 3.47283 1.41 0.8264 5.24449
356 3.48258 1.41 0.8214 5.08272
355 3.49239 1.41 0.8160 4.91785
354 3.50226 1.41 0.8105 4.75955
353 3.51218 1.41 0.8041 4.58649
352 3.52216 1.41 0.7975 4.41943
351 3.53219 1.41 0.7905 4.2537
350 3.54229 1.41 0.7831 4.09007
349 3.55244 1.41 0.7752 3.9272
348 3.56264 1.41 0.7665 3.76052
347 3.57291 1.41 0.7576 3.60231
346 3.58324 1.41 0.7475 3.43618
345 3.59362 1.41 0.7371 3.27835
344 3.60407 1.41 0.7265 3.12973
343 3.61458 1.41 0.7153 2.9846
342 3.62515 1.41 0.7027 2.83426
341 3.63578 1.41 0.6898 2.69285
340 3.64647 1.41 0.6764 2.55774
339 3.65723 1.41 0.6614 2.41899
338 3.66805 1.41 0.6462 2.29018
337 3.67893 1.41 0.6300 2.16434
336 3.68988 1.41 0.6131 2.04404
335 3.70090 1.41 0.5958 1.93106
334 3.71198 1.41 0.5776 1.82191
333 3.72312 1.41 0.5583 1.71568
332 3.73434 1.41 0.5383 1.61462
331 3.74562 1.41 0.5178 1.51937
330 3.75697 1.41 0.4960 1.42617
329 3.76839 1.41 0.4736 1.33799
328 3.77988 1.41 0.4507 1.25478
327 3.79144 1.41 0.4272 1.17577
326 3.80307 1.41 0.4033 1.10123
325 3.81477 1.41 0.3791 1.03098
324 3.82654 1.41 0.3547 0.964801
323 3.83839 1.41 0.3296 0.901002
322 3.85031 1.41 0.3053 0.842843
321 3.86231 1.41 0.2805 0.78667
320 3.87437 1.41 0.2553 0.732431
319 3.88652 1.41 0.2314 0.683243
318 3.89874 1.41 0.2070 0.634906
317 3.91104 1.41 0.1827 0.588267
316 3.92342 1.41 0.1614 0.548285
315 3.93587 1.41 0.1412 0.510835
314 3.94841 1.41 0.1219 0.47516
313 3.96102 1.41 0.1046 0.442946
312 3.97372 1.41 0.0886 0.412605
311 3.98650 1.41 0.0738 0.383671
310 3.99935 1.41 0.0608 0.357122
309 4.01230 1.41 0.0495 0.332692
308 4.02532 1.41 0.0396 0.3097
307 4.03844 1.41 0.0313 0.288672
306 4.05163 1.41 0.0244 0.269312
305 4.06492 1.41 0.0186 0.250967
304 4.07829 1.41 0.0140 0.234263
303 4.09175 1.41 0.0104 0.219012
302 4.10530 1.41 0.0076 0.204935
301 4.11894 1.41 0.0054 0.191521
300 4.13267 1.41 0.0039 0.180285
299 4.14649 1.41 0.0027 0.169076
298 4.16040 1.41 0.0019 0.159594
297 4.17441 1.41 0.0014 0.152177
296 4.18851 1.41 0.0010 0.144765
295 4.20271 1.41 0.0008 0.140235
294 4.21701 1.41 0.0006 0.134797
293 4.23140 1.41 0.0005 0.131563
292 4.24589 1.41 0.0004 0.127811
291 4.26048 1.41 0.0004 0.127811
290 4.27517 1.41 0.0003 0.123278
289 4.28997 1.41 0.0003 0.123278
288 4.30486 1.41 0.0003 0.123278
287 4.31986 1.41 0.0003 0.123278
286 4.33497 1.41 0.0003 0.123278
285 4.35018 1.41 0.0003 0.123278
284 4.36549 1.41 0.0003 0.123278
283 4.38092 1.41 0.0003 0.123278
282 4.39645 1.41 0.0003 0.123278
281 4.41210 1.41 0.0002 0.11741
280 4.42786 1.41 0.0002 0.11741
279 4.44373 1.41 0.0002 0.11741
278 4.45971 1.41 0.0002 0.11741
277 4.47581 1.41 0.0002 0.11741
276 4.49203 1.41 0.0002 0.11741
275 4.50836 1.41 0.0002 0.11741
274 4.52482 1.41 0.0002 0.11741
273 4.54139 1.41 0.0003 0.123278
272 4.55809 1.41 0.0003 0.123278
271 4.57491 1.41 0.0002 0.11741
270 4.59185 1.41 0.0002 0.11741
269 4.60892 1.41 0.0003 0.123278
268 4.62612 1.41 0.0003 0.123278
267 4.64345 1.41 0.0003 0.123278
266 4.66090 1.41 0.0003 0.123278
265 4.67849 1.41 0.0002 0.11741
264 4.69621 1.41 0.0003 0.123278
263 4.71407 1.41 0.0003 0.123278
262 4.73206 1.41 0.0003 0.123278
261 4.75019 1.41 0.0003 0.123278
260 4.76846 1.41 0.0003 0.123278
259 4.78687 1.41 0.0004 0.127811
258 4.80543 1.41 0.0004 0.127811
257 4.82412 1.41 0.0004 0.127811
256 4.84297 1.41 0.0004 0.127811
255 4.86196 1.41 0.0004 0.127811
254 4.88110 1.41 0.0005 0.131563
253 4.90040 1.41 0.0005 0.131563
252 4.91984 1.41 0.0005 0.131563
251 4.93944 1.41 0.0005 0.131563
250 4.95920 1.41 0.0005 0.131563